Column_121: (26.700000762939453, 27.299999237060547, 5.699999809265137, 6.300000190734863, -0.25, 18.600000381469727)
CourtPathEast: (33.0, 35.45000076293945, 65.80000305175781, 89.69999694824219, -0.25, 0.0)
CourtStair_01: (33.0, 35.44999694824219, 89.69999694824219, 90.0, -1.070929016577793e-07, 0.15000011026859283)
CourtStair_02: (33.0, 35.44999694824219, 90.0, 90.30000305175781, 0.14999988675117493, 0.3000001013278961)
CourtStair_03: (33.0, 35.44999694824219, 90.29999542236328, 90.5999984741211, 0.2999998927116394, 0.4500001072883606)
CourtStair_04: (33.0, 35.44999694824219, 90.5999984741211, 90.9000015258789, 0.4499998688697815, 0.6000000834465027)
CourtStair_05: (33.0, 35.44999694824219, 90.9000015258789, 91.20000457763672, 0.5999999046325684, 0.7500001192092896)
CourtStair_06: (33.0, 35.44999694824219, 91.19999694824219, 91.5, 0.7499998807907104, 0.9000000953674316)
CourtStair_07: (33.0, 35.44999694824219, 91.5, 91.80000305175781, 0.8999999165534973, 1.0500001907348633)
CourtStair_08: (33.0, 35.44999694824219, 91.79999542236328, 92.0999984741211, 1.0499998331069946, 1.2000001668930054)
CourtStair_09: (33.0, 35.44999694824219, 92.0999984741211, 92.4000015258789, 1.1999998092651367, 1.3500001430511475)
CourtStair_10: (33.0, 35.44999694824219, 92.4000015258789, 92.70000457763672, 1.3499997854232788, 1.5000001192092896)
CourtStair_11: (33.0, 35.44999694824219, 92.69999694824219, 93.0, 1.4999998807907104, 1.6500002145767212)
CourtStair_12: (33.0, 35.44999694824219, 93.0, 93.30000305175781, 1.6499998569488525, 1.8000001907348633)
CourtStair_13: (33.0, 35.44999694824219, 93.29999542236328, 93.5999984741211, 1.7999998331069946, 1.9500001668930054)
CourtStair_14: (33.0, 35.44999694824219, 93.5999984741211, 93.9000015258789, 1.9499999284744263, 2.1000001430511475)
CourtStair_15: (33.0, 35.44999694824219, 93.9000015258789, 94.20000457763672, 2.0999999046325684, 2.25)
CourtStair_16: (33.0, 35.44999694824219, 94.19999694824219, 94.5, 2.25, 2.4000000953674316)
CourtStair_17: (33.0, 35.44999694824219, 94.5, 94.80000305175781, 2.3999998569488525, 2.549999952316284)
CourtStair_18: (33.0, 35.44999694824219, 94.79999542236328, 95.0999984741211, 2.549999952316284, 2.700000047683716)
CourtStair_19: (33.0, 35.44999694824219, 95.0999984741211, 95.4000015258789, 2.700000047683716, 2.8500001430511475)
CourtStairBaluster_0_0: (33.287498474121094, 33.3125, 89.6875, 89.7125015258789, 0.15000000596046448, 1.0338908433914185)
CourtStairBaluster_0_1: (33.287498474121094, 33.3125, 89.98750305175781, 90.01249694824219, 0.30000001192092896, 1.1838908195495605)
CourtStairBaluster_0_10: (33.287498474121094, 33.3125, 92.6875, 92.7125015258789, 1.649999976158142, 2.533890724182129)
CourtStairBaluster_0_11: (33.287498474121094, 33.3125, 92.98750305175781, 93.01249694824219, 1.7999999523162842, 2.6838905811309814)
CourtStairBaluster_0_12: (33.287498474121094, 33.3125, 93.2874984741211, 93.3125, 1.9500000476837158, 2.833890676498413)
CourtStairBaluster_0_13: (33.287498474121094, 33.3125, 93.5875015258789, 93.61250305175781, 2.0999999046325684, 2.9838907718658447)
CourtStairBaluster_0_14: (33.287498474121094, 33.3125, 93.88749694824219, 93.9124984741211, 2.25, 3.1338906288146973)
CourtStairBaluster_0_15: (33.287498474121094, 33.3125, 94.1875, 94.2125015258789, 2.4000000953674316, 3.283890724182129)
CourtStairBaluster_0_16: (33.287498474121094, 33.3125, 94.48750305175781, 94.51249694824219, 2.549999952316284, 3.4338905811309814)
CourtStairBaluster_0_17: (33.287498474121094, 33.3125, 94.7874984741211, 94.8125, 2.700000047683716, 3.583890676498413)
CourtStairBaluster_0_18: (33.287498474121094, 33.3125, 95.0875015258789, 95.11250305175781, 2.8499999046325684, 3.7338905334472656)
CourtStairBaluster_0_19: (33.287498474121094, 33.3125, 95.38749694824219, 95.4124984741211, 3.0, 3.8838906288146973)
CourtStairBaluster_0_2: (33.287498474121094, 33.3125, 90.2874984741211, 90.3125, 0.44999998807907104, 1.3338907957077026)
CourtStairBaluster_0_20: (33.287498474121094, 33.3125, 95.6875, 95.7125015258789, 3.0, 4.033890724182129)
CourtStairBaluster_0_3: (33.287498474121094, 33.3125, 90.5875015258789, 90.61250305175781, 0.6000000238418579, 1.4838907718658447)
CourtStairBaluster_0_4: (33.287498474121094, 33.3125, 90.88749694824219, 90.9124984741211, 0.75, 1.6338907480239868)
CourtStairBaluster_0_5: (33.287498474121094, 33.3125, 91.1875, 91.2125015258789, 0.8999999761581421, 1.783890724182129)
CourtStairBaluster_0_6: (33.287498474121094, 33.3125, 91.48750305175781, 91.51249694824219, 1.0499999523162842, 1.933890700340271)
CourtStairBaluster_0_7: (33.287498474121094, 33.3125, 91.7874984741211, 91.8125, 1.2000000476837158, 2.083890676498413)
CourtStairBaluster_0_8: (33.287498474121094, 33.3125, 92.0875015258789, 92.11250305175781, 1.350000023841858, 2.2338907718658447)
CourtStairBaluster_0_9: (33.287498474121094, 33.3125, 92.38749694824219, 92.4124984741211, 1.5, 2.3838906288146973)
CourtStairBaluster_1_0: (35.38750076293945, 35.412498474121094, 89.6875, 89.7125015258789, 0.15000000596046448, 1.0338908433914185)
CourtStairBaluster_1_1: (35.38750076293945, 35.412498474121094, 89.98750305175781, 90.01249694824219, 0.30000001192092896, 1.1838908195495605)
CourtStairBaluster_1_10: (35.38750076293945, 35.412498474121094, 92.6875, 92.7125015258789, 1.649999976158142, 2.533890724182129)
CourtStairBaluster_1_11: (35.38750076293945, 35.412498474121094, 92.98750305175781, 93.01249694824219, 1.7999999523162842, 2.6838905811309814)
CourtStairBaluster_1_12: (35.38750076293945, 35.412498474121094, 93.2874984741211, 93.3125, 1.9500000476837158, 2.833890676498413)
CourtStairBaluster_1_13: (35.38750076293945, 35.412498474121094, 93.5875015258789, 93.61250305175781, 2.0999999046325684, 2.9838907718658447)
CourtStairBaluster_1_14: (35.38750076293945, 35.412498474121094, 93.88749694824219, 93.9124984741211, 2.25, 3.1338906288146973)
CourtStairBaluster_1_15: (35.38750076293945, 35.412498474121094, 94.1875, 94.2125015258789, 2.4000000953674316, 3.283890724182129)
CourtStairBaluster_1_16: (35.38750076293945, 35.412498474121094, 94.48750305175781, 94.51249694824219, 2.549999952316284, 3.4338905811309814)
CourtStairBaluster_1_17: (35.38750076293945, 35.412498474121094, 94.7874984741211, 94.8125, 2.700000047683716, 3.583890676498413)
CourtStairBaluster_1_18: (35.38750076293945, 35.412498474121094, 95.0875015258789, 95.11250305175781, 2.8499999046325684, 3.7338905334472656)
CourtStairBaluster_1_19: (35.38750076293945, 35.412498474121094, 95.38749694824219, 95.4124984741211, 3.0, 3.8838906288146973)
CourtStairBaluster_1_2: (35.38750076293945, 35.412498474121094, 90.2874984741211, 90.3125, 0.44999998807907104, 1.3338907957077026)
CourtStairBaluster_1_20: (35.38750076293945, 35.412498474121094, 95.6875, 95.7125015258789, 3.0, 4.033890724182129)
CourtStairBaluster_1_3: (35.38750076293945, 35.412498474121094, 90.5875015258789, 90.61250305175781, 0.6000000238418579, 1.4838907718658447)
CourtStairBaluster_1_4: (35.38750076293945, 35.412498474121094, 90.88749694824219, 90.9124984741211, 0.75, 1.6338907480239868)
CourtStairBaluster_1_5: (35.38750076293945, 35.412498474121094, 91.1875, 91.2125015258789, 0.8999999761581421, 1.783890724182129)
CourtStairBaluster_1_6: (35.38750076293945, 35.412498474121094, 91.48750305175781, 91.51249694824219, 1.0499999523162842, 1.933890700340271)
CourtStairBaluster_1_7: (35.38750076293945, 35.412498474121094, 91.7874984741211, 91.8125, 1.2000000476837158, 2.083890676498413)
CourtStairBaluster_1_8: (35.38750076293945, 35.412498474121094, 92.0875015258789, 92.11250305175781, 1.350000023841858, 2.2338907718658447)
CourtStairBaluster_1_9: (35.38750076293945, 35.412498474121094, 92.38749694824219, 92.4124984741211, 1.5, 2.3838906288146973)
CourtStairHandrail_0: (33.279998779296875, 33.31999969482422, 89.69105529785156, 95.70893859863281, 1.032111406326294, 4.0678887367248535)
CourtStairHandrail_1: (35.380001068115234, 35.42000198364258, 89.69105529785156, 95.70893859863281, 1.032111406326294, 4.0678887367248535)
CourtStairTopLanding: (33.150001525878906, 35.45000076293945, 95.4000015258789, 96.0, 2.8499999046325684, 3.0)
EntranceDoorJamb_0: (25.767499923706055, 25.832500457763672, 5.900000095367432, 6.0, 0.0, 2.4000000953674316)
EntranceDoorJamb_2: (28.167499542236328, 28.232500076293945, 5.900000095367432, 6.0, 0.0, 2.4000000953674316)
NorthTerrace_Fit0: (18.950000762939453, 24.799999237060547, 96.4000015258789, 107.2300033569336, 2.75, 3.0)
NorthTerrace_Fit1: (18.950000762939453, 24.799999237060547, 96.30000305175781, 96.4000015258789, 2.75, 2.950000047683716)
NorthTerrace_Fit2: (25.200000762939453, 31.049999237060547, 96.4000015258789, 107.2300033569336, 2.75, 3.0)
NorthTerrace_Fit3: (25.200000762939453, 31.049999237060547, 96.30000305175781, 96.4000015258789, 2.75, 2.950000047683716)
NorthTerrace_Fit4: (31.5, 35.45000076293945, 96.30000305175781, 107.2300033569336, 2.75, 3.0)
NorthTerrace_Fit5: (31.450000762939453, 31.5, 96.4000015258789, 107.2300033569336, 2.75, 3.0)
NorthTerrace_Fit6: (31.450000762939453, 31.5, 96.30000305175781, 96.4000015258789, 2.75, 2.950000047683716)
NorthTerrace_Fit7: (31.049999237060547, 31.450000762939453, 96.4000015258789, 107.2300033569336, 2.75, 3.0)
NorthTerrace_Fit8: (24.799999237060547, 25.200000762939453, 96.4000015258789, 107.2300033569336, 2.75, 3.0)
NorthTerrace_Fit9: (18.549999237060547, 18.950000762939453, 96.4000015258789, 107.2300033569336, 2.75, 3.0)
RetainingBase_Fit0: (18.950000762939453, 24.799999237060547, 95.69999694824219, 96.0, -0.4000000059604645, 0.0)
RetainingBase_Fit1: (18.950000762939453, 24.799999237060547, 96.4000015258789, 96.5999984741211, -0.4000000059604645, 0.0)
RetainingBase_Fit10: (31.049999237060547, 31.450000762939453, 95.69999694824219, 96.0, -0.4000000059604645, 0.0)
RetainingBase_Fit11: (31.049999237060547, 31.450000762939453, 96.4000015258789, 96.5999984741211, -0.4000000059604645, 0.0)
RetainingBase_Fit12: (31.049999237060547, 31.450000762939453, 96.0, 96.4000015258789, -0.25, 0.0)
RetainingBase_Fit13: (24.799999237060547, 25.200000762939453, 95.69999694824219, 96.0, -0.4000000059604645, 0.0)
RetainingBase_Fit14: (24.799999237060547, 25.200000762939453, 96.4000015258789, 96.5999984741211, -0.4000000059604645, 0.0)
RetainingBase_Fit15: (24.799999237060547, 25.200000762939453, 96.0, 96.4000015258789, -0.25, 0.0)
RetainingBase_Fit16: (18.549999237060547, 18.950000762939453, 95.69999694824219, 96.0, -0.4000000059604645, 0.0)
RetainingBase_Fit17: (18.549999237060547, 18.950000762939453, 96.4000015258789, 96.5999984741211, -0.4000000059604645, 0.0)
RetainingBase_Fit18: (18.549999237060547, 18.950000762939453, 96.0, 96.4000015258789, -0.25, 0.0)
RetainingBase_Fit2: (18.950000762939453, 24.799999237060547, 96.0, 96.4000015258789, -0.25, 0.0)
RetainingBase_Fit3: (25.200000762939453, 31.049999237060547, 95.69999694824219, 96.0, -0.4000000059604645, 0.0)
RetainingBase_Fit4: (25.200000762939453, 31.049999237060547, 96.4000015258789, 96.5999984741211, -0.4000000059604645, 0.0)
RetainingBase_Fit5: (25.200000762939453, 31.049999237060547, 96.0, 96.4000015258789, -0.25, 0.0)
RetainingBase_Fit6: (31.5, 35.45000076293945, 95.69999694824219, 96.5999984741211, -0.4000000059604645, 0.0)
RetainingBase_Fit7: (31.450000762939453, 31.5, 95.69999694824219, 96.0, -0.4000000059604645, 0.0)
RetainingBase_Fit8: (31.450000762939453, 31.5, 96.4000015258789, 96.5999984741211, -0.4000000059604645, 0.0)
RetainingBase_Fit9: (31.450000762939453, 31.5, 96.0, 96.4000015258789, -0.25, 0.0)
RetainingWall_Fit0: (18.950000762939453, 24.799999237060547, 96.0, 96.30000305175781, 0.0, 2.950000047683716)
RetainingWall_Fit1: (25.200000762939453, 31.049999237060547, 96.0, 96.30000305175781, 0.0, 2.950000047683716)
RetainingWall_Fit2: (31.5, 35.45000076293945, 96.0, 96.30000305175781, 0.0, 3.0)
RetainingWall_Fit3: (31.450000762939453, 31.5, 96.0, 96.30000305175781, 0.0, 2.950000047683716)
SouthGround_8_Glass0_Fit0: (24.614999771118164, 26.5, 6.040999889373779, 6.059000015258789, 0.06499999761581421, 2.934999942779541)
SouthGround_8_Glass0_Fit1: (26.5, 26.700000762939453, 6.040999889373779, 6.059000015258789, 0.06499999761581421, 2.0999999046325684)
SouthGround_8_Glass0_Fit3: (27.299999237060547, 27.485000610351562, 6.040999889373779, 6.059000015258789, 0.06499999761581421, 2.0999999046325684)
SouthGround_8_Jamb1_Fit0: (27.5, 27.549999237060547, 6.0, 6.099999904632568, 0.06499999761581421, 2.934999942779541)
SouthGround_8_Jamb1_Fit1: (27.485000610351562, 27.5, 6.0, 6.099999904632568, 0.06499999761581421, 2.0999999046325684)
SouthGround_8_Sill_Fit0: (24.549999237060547, 26.700000762939453, 6.0, 6.099999904632568, 0.0, 0.06499999761581421)
SouthGround_8_Sill_Fit1: (27.299999237060547, 27.549999237060547, 6.0, 6.099999904632568, 0.0, 0.06499999761581421)
SouthGround_9_Glass0: (27.614999771118164, 30.48499870300293, 6.0410003662109375, 6.059000015258789, 0.06500005722045898, 2.934999942779541)
SouthGround_9_Jamb0: (27.55000114440918, 27.614999771118164, 6.0, 6.100000381469727, 0.06500005722045898, 2.934999942779541)
SouthGround_9_Sill: (27.549999237060547, 30.549999237060547, 6.0, 6.100000381469727, 0.0, 0.06499999761581421)